Airfoil
1.000000  	nan       
0.999753  	nan       
0.999013  	nan       
0.997781  	nan       
0.996057  	nan       
0.993844  	nan       
0.991144  	nan       
0.987958  	nan       
0.984292  	nan       
0.980147  	nan       
0.975528  	nan       
0.970440  	nan       
0.964888  	nan       
0.958877  	nan       
0.952414  	nan       
0.945503  	nan       
0.938153  	nan       
0.930371  	nan       
0.922164  	nan       
0.913540  	nan       
0.904508  	nan       
0.895078  	nan       
0.885257  	nan       
0.875056  	nan       
0.864484  	nan       
0.853553  	nan       
0.842274  	nan       
0.830656  	nan       
0.818712  	nan       
0.806454  	nan       
0.793893  	nan       
0.781042  	nan       
0.767913  	nan       
0.754521  	nan       
0.740877  	nan       
0.726995  	nan       
0.712890  	nan       
0.698574  	nan       
0.684062  	nan       
0.669369  	nan       
0.654508  	nan       
0.639496  	nan       
0.624345  	nan       
0.609072  	nan       
0.593691  	nan       
0.578217  	nan       
0.562667  	nan       
0.547054  	nan       
0.531395  	nan       
0.515705  	nan       
0.500000  	nan       
0.484295  	nan       
0.468605  	nan       
0.452946  	nan       
0.437333  	nan       
0.421783  	nan       
0.406309  	nan       
0.390928  	nan       
0.375655  	nan       
0.360504  	nan       
0.345492  	nan       
0.330631  	nan       
0.315938  	nan       
0.301426  	nan       
0.287110  	nan       
0.273005  	nan       
0.259123  	nan       
0.245479  	nan       
0.232087  	nan       
0.218958  	nan       
0.206107  	nan       
0.193546  	nan       
0.181288  	nan       
0.169344  	nan       
0.157726  	nan       
0.146447  	nan       
0.135516  	nan       
0.124944  	nan       
0.114743  	nan       
0.104922  	nan       
0.095492  	nan       
0.086460  	nan       
0.077836  	nan       
0.069629  	nan       
0.061847  	nan       
0.054497  	nan       
0.047586  	nan       
0.041123  	nan       
0.035112  	nan       
0.029560  	nan       
0.024472  	nan       
0.019853  	nan       
0.015708  	nan       
0.012042  	nan       
0.008856  	nan       
0.006156  	nan       
0.003943  	nan       
0.002219  	nan       
0.000987  	nan       
0.000247  	nan       
0.000000  	nan       
0.000247  	nan       
0.000987  	nan       
0.002219  	nan       
0.003943  	nan       
0.006156  	nan       
0.008856  	nan       
0.012042  	nan       
0.015708  	nan       
0.019853  	nan       
0.024472  	nan       
0.029560  	nan       
0.035112  	nan       
0.041123  	nan       
0.047586  	nan       
0.054497  	nan       
0.061847  	nan       
0.069629  	nan       
0.077836  	nan       
0.086460  	nan       
0.095492  	nan       
0.104922  	nan       
0.114743  	nan       
0.124944  	nan       
0.135516  	nan       
0.146447  	nan       
0.157726  	nan       
0.169344  	nan       
0.181288  	nan       
0.193546  	nan       
0.206107  	nan       
0.218958  	nan       
0.232087  	nan       
0.245479  	nan       
0.259123  	nan       
0.273005  	nan       
0.287110  	nan       
0.301426  	nan       
0.315938  	nan       
0.330631  	nan       
0.345492  	nan       
0.360504  	nan       
0.375655  	nan       
0.390928  	nan       
0.406309  	nan       
0.421783  	nan       
0.437333  	nan       
0.452946  	nan       
0.468605  	nan       
0.484295  	nan       
0.500000  	nan       
0.515705  	nan       
0.531395  	nan       
0.547054  	nan       
0.562667  	nan       
0.578217  	nan       
0.593691  	nan       
0.609072  	nan       
0.624345  	nan       
0.639496  	nan       
0.654508  	nan       
0.669369  	nan       
0.684062  	nan       
0.698574  	nan       
0.712890  	nan       
0.726995  	nan       
0.740877  	nan       
0.754521  	nan       
0.767913  	nan       
0.781042  	nan       
0.793893  	nan       
0.806454  	nan       
0.818712  	nan       
0.830656  	nan       
0.842274  	nan       
0.853553  	nan       
0.864484  	nan       
0.875056  	nan       
0.885257  	nan       
0.895078  	nan       
0.904508  	nan       
0.913540  	nan       
0.922164  	nan       
0.930371  	nan       
0.938153  	nan       
0.945503  	nan       
0.952414  	nan       
0.958877  	nan       
0.964888  	nan       
0.970440  	nan       
0.975528  	nan       
0.980147  	nan       
0.984292  	nan       
0.987958  	nan       
0.991144  	nan       
0.993844  	nan       
0.996057  	nan       
0.997781  	nan       
0.999013  	nan       
1.000000  	nan       
